time,x,y,z,phi,theta,psi,x_velocity,y_velocity,z_velocity,phi_velocity,theta_velocity,psi_velocity,rotor_speed1,rotor_speed2,rotor_speed3,rotor_speed4
0.06,-4.03591200126e-07,6.0990643556e-05,10.0093658994,0.0115722258685,0.000126747015478,0.0,-2.65212480403e-05,0.0036285472481,0.312157194013,-0.0384841513527,0.00288044921594,0.0,499.19133717800054,499.4014246564246,501.5226070137635,498.72012338384786
0.12000000000000001,-1.38849392284e-05,0.000522988648146,10.0322722185,0.0095741529395,0.00212629832436,0.0,-0.000655719727359,0.0115500373626,0.451343629978,-0.0334587801726,-0.0131736842483,0.0,449.3567337663014,448.05367885606046,449.6868944256396,450.0931125728038
0.18,-0.000102302839711,0.00140860273766,10.0624011188,0.00822876122,0.00318360018606,0.0,-0.00241606250551,0.0178244814797,0.552909803518,-0.025664675673,-0.029312515034,0.0,438.20273055912594,436.8593253376415,437.4189230336374,438.06706371963986
0.23999999999999996,-0.000325376984226,0.00270656169963,10.1046805563,0.00957870964171,0.00164731431913,0.0,-0.00482486681144,0.025643953584,0.856226237495,-0.0455254748192,-0.0358170111044,0.0,498.0508406420986,497.57471642169486,498.14511038898775,496.69059187390036
0.3,-0.000639549242587,0.00442444371003,10.1581450677,0.0068885277997,6.28267387976,0.0,-0.00543763227487,0.0313546116022,0.925872434683,-0.0441954683273,-0.0364938266487,0.0,428.35944036792193,428.3012530616801,427.4718865053348,427.5839296933758
0.36000000000000004,-0.000960627696444,0.00643290772058,10.214980602,0.00618320447617,0.00109534232839,0.0,-0.00539644710798,0.035514756662,0.968610385842,-0.0300656737269,-0.0163162166251,0.0,419.2574283891375,421.00630913636013,417.70570541318335,418.9350471938307
0.4200000000000001,-0.00131234459621,0.00869909001684,10.2785729397,0.00436765108793,0.0019167826251,0.0,-0.00640557961121,0.0398174185962,1.15096934348,-0.0310495242113,-0.00276869551921,0.0,463.03451421470965,464.0990530013037,462.9795127262989,462.90184499981063
0.48000000000000015,-0.00174237847697,0.0111828776311,10.3517006808,0.00409917423356,0.00273024907446,0.0,-0.00802881613322,0.0429622738941,1.28647892292,-0.0461342228062,-0.0148769473396,0.0,448.77156219536505,447.78786287151075,451.03919983955944,449.8188326673052
0.5400000000000001,-0.00232343674028,0.0138495252477,10.4359934212,0.00139287440941,0.0101390291387,0.0,-0.0122067850428,0.0455919822198,1.52299127721,-0.0443594036278,0.015508012575,0.0,477.8297672281463,480.1403360610989,480.7001786719685,480.83360094991025
0.6000000000000002,-0.00331178202704,0.0166128329015,10.5317228924,0.000950315479413,0.0186501535685,0.0,-0.0216288446252,0.0464534836048,1.66777958763,-0.0291974234505,0.0444926307393,0.0,452.1872991726507,454.5161674646281,452.37496742916784,453.5933521395905
0.6600000000000003,-0.00512884099098,0.0194173612305,10.641146201,6.28242233515,0.0218483481302,0.0,-0.0393475053002,0.0468069908842,1.97917057569,-0.0328607428905,0.0513470047594,0.0,501.9658639170066,502.46401768342,502.17941279984535,501.9134493312259
0.7200000000000003,-0.00797974329308,0.0222222496583,10.764018859,0.0020986266029,0.0252295532139,0.0,-0.0560483780505,0.0470244032505,2.11633146206,-0.0581738154616,0.0440240819785,0.0,452.5727145843516,451.9843938438245,453.4452660234354,451.40639524399165
0.7800000000000004,-0.0119323014131,0.0250821122489,10.8961898742,6.28284184738,0.0281950660878,0.0,-0.0760379072986,0.0480425073192,2.2890302283,-0.0706543415495,0.036473375545,0.0,463.0688754835977,462.47540558813915,465.10013293868985,464.1190435698837
0.8400000000000004,-0.0171218586574,0.0279522412916,11.0377564958,6.2819548026,0.0305916927018,0.0,-0.0972047515829,0.047512548547,2.42956033687,-0.0517622702213,0.0301324571874,0.0,454.8435421591648,454.335922186287,453.9474454749984,455.45789243837015
0.9000000000000005,-0.0236282927451,0.0308269238376,11.187653985,0.0106663165458,0.0325093459318,0.0,-0.119870518617,0.0496367646674,2.56671210994,-0.0954096644677,0.0327539661814,0.0,453.5348034728406,453.7456097002839,456.5854889455686,453.08666088022403
0.9600000000000005,-0.0313733384735,0.0339687852347,11.3406981507,0.0061716177049,0.0354329666039,0.0,-0.138551250397,0.0547125876581,2.53482502215,-0.0844025849105,0.0207628037506,0.0,399.942176015957,398.8488757288121,399.598946564421,400.5929717965167
1.0200000000000005,-0.0406297381029,0.037410330285,11.5008863678,0.00653391558702,0.0421528380785,0.0,-0.170795136286,0.0600169166276,2.80412757531,-0.060056711998,0.0452206722721,0.0,493.1302374404977,494.9337377033077,492.3492641002814,494.14316667051236
1.0800000000000005,-0.0515350852604,0.0411181295917,11.6668742081,0.00829081437406,0.0449049050377,0.0,-0.192936732157,0.0637317629575,2.72897005114,-0.0866476278799,0.0415506517533,0.0,386.1638253295062,385.818886041702,386.82628914409315,384.30958267944817
1.1400000000000006,-0.064314817175,0.0451363450401,11.8394532144,0.00308904943312,0.0474125879739,0.0,-0.23335313592,0.0695262966338,3.02291928761,-0.0888933622264,0.0385622155701,0.0,501.63470004051874,501.41829985033866,501.59512380555776,501.4266337740501
1.2000000000000006,-0.0793589224558,0.0493831089138,12.0247526204,0.00476448741309,0.0517703584031,0.0,-0.268582384104,0.072242499499,3.15334647765,-0.11912028955,0.0216545781812,0.0,456.53817022523765,455.18752623850406,456.0049817946866,453.57565991074307
1.2600000000000007,-0.0963997236165,0.0537959278343,12.2140051059,0.00252697157365,0.0539305269061,0.0,-0.299643796078,0.074678306625,3.15505026387,-0.14462351046,0.0102199046322,0.0,415.87856137266664,414.87572349406196,415.38977135245483,413.1309148454682
1.3200000000000007,-0.115395799743,0.0583067211294,12.4044037999,6.28043662745,0.0553111336296,0.0,-0.333674519106,0.0752126999156,3.19146093248,-0.166064409089,0.0186909511959,0.0,425.8167910980644,426.5407535158308,427.5199343850952,425.6662460479437
1.3800000000000008,-0.136732431504,0.0627164990863,12.6018718345,6.27160499634,0.0566414675263,0.0,-0.377678978258,0.0707673586015,3.39021850231,-0.178983503709,0.0123425798478,0.0,476.21408402486685,475.7281244826081,478.2499636437839,477.23927603519587
1.4400000000000008,-0.160924249261,0.0666095990259,12.8145303556,6.2636594312,0.0574785397702,0.0,-0.428771201219,0.0579385201564,3.69742875747,-0.161836476313,0.0147511861824,0.0,508.52402840701603,508.69639408559243,508.36019429336795,509.5627321103978
1.5000000000000009,-0.187773222218,0.0696857871443,13.0380369483,6.25778507807,0.0601594808781,0.0,-0.466428697088,0.0440256867527,3.75257720467,-0.141549320175,0.0282801599447,0.0,435.6629789091145,436.79275056716045,435.21340802437766,436.88499211990325
1.560000000000001,-0.217054272634,0.0717528425717,13.266803784,6.24929320896,0.0631983068156,0.0,-0.509890799031,0.0239984389216,3.87253206413,-0.144004477993,0.0398268624685,0.0,456.75487986003327,457.6752264480617,456.7314683375789,456.5173040428587
1.620000000000001,-0.248756200203,0.0725770502415,13.4988104669,6.24064132102,0.0661841020587,0.0,-0.547094101268,0.00273537335362,3.86101080311,-0.145424507318,0.047169615936,0.0,415.7367611611204,416.3807963305616,415.41447746084054,415.2688208400991
1.680000000000001,-0.282949444641,0.0718419469567,13.7332044367,6.23284601038,0.0690652359378,0.0,-0.59295655959,-0.0280175896509,3.95174261769,-0.135992416346,0.0432206489544,0.0,448.9050500494848,448.58568363879516,448.66595902862633,449.412514150907
1.740000000000001,-0.320258792179,0.0688811003585,13.9773791519,6.22551459128,0.0721432765414,0.0,-0.651019125771,-0.0715112797786,4.1864901412,-0.147234109669,0.0342992576859,0.0,492.7644781579065,492.10517041408417,493.1480087119179,492.30082588579216
1.8000000000000012,-0.360965054143,0.0632536046491,14.2334177906,6.2169145853,0.0747866498403,0.0,-0.706101358269,-0.116992795061,4.34743114138,-0.143001181863,0.0415661030591,0.0,473.05869435813213,473.6185046313813,472.4285041191047,472.73629273260923
1.8600000000000012,-0.404951336524,0.0547818377861,14.4979598984,6.20835068868,0.0774758632613,0.0,-0.760355322447,-0.166262438127,4.47005709132,-0.146041477072,0.0453528794565,0.0,463.05443158259914,463.3531823081638,462.6986061059775,462.4406892540347
1.9200000000000013,-0.451939553265,0.0434759151795,14.7658565199,6.19959819978,0.0801863219679,0.0,-0.806158959013,-0.211348286627,4.4597667484,-0.148867970206,0.0445462174616,0.0,421.87556384411664,421.80719065172605,422.01991770993106,421.7543310553798
1.9800000000000013,-0.501929294001,0.0291210448724,15.0354634876,6.19271956171,0.0873064009137,0.0,-0.86081602543,-0.267766192356,4.52671293502,-0.165812408115,0.0664785268452,0.0,446.20618613195893,447.99503258151157,447.74960702054756,446.34634725905653
2.0400000000000014,-0.555573569043,0.0109802280474,15.3118153104,6.18282997251,0.091287210194,0.0,-0.92771430251,-0.337954258195,4.68418880779,-0.164090963364,0.0659800355015,0.0,475.58341333683194,475.54817986969215,475.6618065854018,475.7695382577786
2.1000000000000014,-0.612812167244,-0.0110261020283,15.5920652972,6.17297270709,0.0959305491783,0.0,-0.980633103041,-0.396411156487,4.6574159661,-0.165452471117,0.0739221237099,0.0,417.89785894374484,418.59355305709545,420.2901492188193,420.1445689495994
2.1600000000000015,-0.673501473488,-0.0369166147844,15.8725871801,6.16398044515,0.102904418652,0.0,-1.04299389492,-0.467413074644,4.69293703805,-0.155993871415,0.0552269740569,0.0,440.08980216680015,438.542984438511,440.16257015949634,440.9194282278391
2.2200000000000015,-0.738588341394,-0.0678524900153,16.1603007454,6.15492704645,0.107319731263,0.0,-1.12698794718,-0.564727868987,4.89638987667,-0.151015049635,0.0655870901927,0.0,490.9656093503238,491.73579335646485,492.0758786053778,492.4243864372542
2.2800000000000016,-0.808316752812,-0.104212027764,16.4555744821,6.15364915514,0.111311347998,0.0,-1.19764855497,-0.647358807878,4.94570532497,-0.121631625663,0.0672516389106,0.0,447.98167951804066,448.1202359865202,445.61190231348075,447.989303908811
2.3400000000000016,-0.881945533635,-0.145080389315,16.7500820694,6.1473613721,0.116019100693,0.0,-1.2570518113,-0.715415626701,4.87134704368,-0.1339074517,0.0569870705522,0.0,407.91049690695866,406.99605892405145,407.3738645418852,406.25847968747314
2.4000000000000017,-0.959845216792,-0.190820688797,17.0453422631,6.14922857609,0.123350260067,0.0,-1.34032412307,-0.8090196523,4.97004181478,-0.100617102279,0.0340871911662,0.0,463.571391247904,461.76966052455646,462.85133323847396,465.45127300507835
2.4600000000000017,-1.04276865671,-0.242046903284,17.3456441579,6.14334266137,0.12635827747,0.0,-1.42404084806,-0.899029659867,5.03948605051,-0.106242112981,0.0437024886573,0.0,454.01302227351897,454.7845674622934,457.1145862613171,456.65724387594315
2.520000000000002,-1.13070587159,-0.29869291932,17.6494181619,6.13779089406,0.133421185108,0.0,-1.50781727109,-0.989625889488,5.08581253763,-0.117451456869,0.0656178153586,0.0,448.77162413980005,450.5489119902588,449.8849636221173,448.9657368055355
2.580000000000002,-1.22388078503,-0.360886855376,17.9560156744,6.1336376726,0.158290590912,0.0,-1.60025904545,-1.08380731528,5.13328448078,-0.0999785203236,0.114550339536,0.0,449.337542954892,453.2931532094616,450.3844917253099,451.7848514053925
2.640000000000002,-1.32282213872,-0.428604238752,18.2640778763,6.1291154731,0.170619019637,0.0,-1.69883185209,-1.17377369658,5.13502651407,-0.114544182579,0.138963802388,0.0,436.3900852578845,438.4374788300588,439.43416186253364,438.21509334745076
2.700000000000002,-1.42827085218,-0.502140832257,18.5743566187,6.12291483305,0.179574454628,0.0,-1.81692452443,-1.27795920706,5.20680059658,-0.106684936702,0.146455108404,0.0,460.63537766029367,461.245333611811,461.734367496383,462.34348910674026
2.760000000000002,-1.54135284828,-0.582362839086,18.8908524786,6.11760870934,0.188441945686,0.0,-1.95329624115,-1.39650032632,5.34190142007,-0.119411199227,0.141927831237,0.0,482.20250291259885,481.87817647758226,483.4852371817617,482.5154775874124
2.820000000000002,-1.66187741678,-0.66900523177,19.2105899332,6.11128867594,0.19701625393,0.0,-2.06491724629,-1.49208299668,5.31566562973,-0.1104730017,0.137815060831,0.0,434.14393856589817,433.817548174442,433.69901759448373,434.4367609584282
2.880000000000002,-1.790451518,-0.762487057245,19.5345772058,6.11145376042,0.206308935235,0.0,-2.22172581061,-1.6237831276,5.48257987151,-0.0830964326996,0.147762921986,0.0,493.942322225897,494.69184245783504,494.8738162491885,496.87742783156307
2.940000000000002,-1.92902073618,-0.864175400623,19.8702534519,6.10866507613,0.215196083346,0.0,-2.39804432195,-1.76590586247,5.70485154786,-0.06801522047,0.144560199584,0.0,513.7244456338066,513.5142463169951,513.2887911620712,514.3541587941563
3.000000000000002,-2.07645133665,-0.972921651694,20.210522417,6.10484680016,0.223861484431,0.0,-2.51703351889,-1.85926563638,5.63729121832,-0.0749565100382,0.142683243395,0.0,427.6825493415117,427.5428540552779,427.73022446042023,427.13453453387314
3.0600000000000023,-2.23115980593,-1.08731297254,20.5466656436,6.10512809092,0.233198678678,0.0,-2.64068661098,-1.95379020357,5.56736663389,-0.0521802066493,0.151207822298,0.0,427.51676782155243,428.2633621319775,425.2572820777172,427.2006300906638
3.1200000000000023,-2.3939908303,-1.20776888673,20.8808015459,6.1066608568,0.244994854765,0.0,-2.78799121606,-2.06122436331,5.5698896523,-0.0296935341275,0.168125470865,0.0,450.9846924946578,452.3722466824834,450.54688587663486,452.3605332980106
3.1800000000000024,-2.56549243757,-1.3343783779,21.213546106,6.10780548388,0.255078108474,0.0,-2.92956760035,-2.15900652861,5.5212905772,-0.0121162783088,0.165960120739,0.0,435.7614869567239,435.60782233222596,435.5134081111074,436.98135950313923
3.2400000000000024,-2.74586780857,-1.46694214942,21.5440169213,6.11478345075,0.272556542563,0.0,-3.08435313783,-2.25918599212,5.49384884087,0.0171145526684,0.194824551838,0.0,443.04612037499413,445.4432372422538,442.2073652660592,444.6093049699784
3.3000000000000025,-2.93528707912,-1.60509663967,21.8709109157,6.11703170448,0.285615133963,0.0,-3.23065953151,-2.34583258619,5.40243647233,0.0280802429521,0.206497101012,0.0,422.2073697237296,423.254323513511,423.34766861786954,424.2904148928248
3.3600000000000025,-3.13382271348,-1.74849005373,22.1926960842,6.11966736097,0.299221610556,0.0,-3.38827522168,-2.43376663996,5.32342642494,0.0376291113139,0.217438212512,0.0,427.51010958912366,428.48689749912177,427.7573715708975,428.57034610685486
3.4200000000000026,-3.34144579195,-1.89679396114,22.5076824403,6.1219976897,0.328325924306,0.0,-3.5344637011,-2.50955025899,5.17573646399,0.0396148670321,0.260150197781,0.0,403.0426978594185,406.9447517925201,404.16783333443703,404.347683983773
3.4800000000000026,-3.55920358741,-2.05006609221,22.8165459097,6.12609352465,0.346776722558,0.0,-3.72558094555,-2.59914110779,5.11897792353,0.0240024249041,0.240442859222,0.0,438.67204059811667,437.09787982341504,438.60616214554756,437.30783214466965
3.5400000000000027,-3.78909718524,-2.20879793534,23.1228565318,6.13069614731,0.367399964381,0.0,-3.93917004434,-2.69146191881,5.09029133647,0.0423199081292,0.211945826419,0.0,450.60030456459805,448.34274198590015,448.40723087530944,449.89345238290423
3.6000000000000028,-4.03153139638,-2.37274856659,23.4257299065,6.13400697968,0.385033808509,0.0,-4.14331923711,-2.77329166008,5.00478074947,0.0508169344241,0.186423811047,0.0,432.6829732913911,430.57052886751455,432.25450344488047,432.9713910510148
3.660000000000003,-4.28641795981,-2.54152951875,23.723192814,6.13900737613,0.400515043545,0.0,-4.3540686363,-2.85238614762,4.91006047493,0.0649660873923,0.207958796596,0.0,428.4798360193292,430.34513863632867,430.90222279753897,432.09917772470004
3.720000000000003,-4.55342189129,-2.71472831427,24.0130770632,6.14322844192,0.414786801801,0.0,-4.54716956086,-2.92070087032,4.75252937053,0.0701070571535,0.221479807421,0.0,408.84303062596916,410.0949660812785,408.0090294137646,408.4716256437247
3.780000000000003,-4.83374555337,-2.89244588429,24.2968256917,6.15014274577,0.429133273686,0.0,-4.79804648477,-3.00261782473,4.70479797156,0.0508405082831,0.208948494911,0.0,449.46059523708163,448.48981596205743,450.14586465916443,448.5866346986
3.840000000000003,-5.12887734992,-3.07484064688,24.5765286447,6.15338763452,0.441781723488,0.0,-5.0406437295,-3.0769516832,4.61785354779,0.0446627203679,0.203896357733,0.0,438.3480357342684,437.97083362228716,437.4674632730714,436.9541342936653
3.900000000000003,-5.43883979747,-3.26166733759,24.8510150109,6.15605614315,0.455876351992,0.0,-5.29246520229,-3.15037901548,4.53076428306,0.0431624328159,0.217686429315,0.0,439.20056883899684,440.3863442187617,439.50545777753416,439.3821903615085
3.960000000000003,-5.76629458151,-3.45340410359,25.1244600741,6.16113203806,0.469239662781,0.0,-5.62354171748,-3.24024641208,4.58218675132,0.0592762793751,0.222624855403,0.0,488.57179119292834,488.98273547246873,488.4646322378114,489.66631993331634
4.020000000000002,-6.11164885038,-3.64990459391,25.3964328307,6.16478492144,0.485110247428,0.0,-5.88939484386,-3.30947489555,4.48246130085,0.0616811496578,0.204016089008,0.0,442.7712089201419,441.2838588905661,441.3822070770117,441.583262898636
4.080000000000001,-6.47412780431,-3.85071164431,25.6639947928,6.16850413021,0.497511328933,0.0,-6.19405941919,-3.38373392407,4.43487852182,0.0585724891118,0.198269709218,0.0,463.71763781301416,463.3041243490009,462.1817474925985,461.9390687809885
4.14,-6.85470413572,-4.05583058305,25.9277893416,6.17219227272,0.509423161562,0.0,-6.49263188529,-3.45324580472,4.35702810491,0.0526503015293,0.195245963793,0.0,455.2827756844765,455.07776064550444,455.9714437266982,455.5000572326975
4.199999999999998,-7.25197448426,-4.26478194258,26.1842074103,6.17798674672,0.52145196538,0.0,-6.75069684315,-3.51149460844,4.18958694164,0.0692739737607,0.187789378885,0.0,425.8982645987241,425.29788668993126,424.75773259735223,426.1839518101627
4.259999999999997,-7.667768644,-4.47767767842,26.4353140883,6.18226391147,0.537332952574,0.0,-7.10998812673,-3.58454354896,4.17845147692,0.0640825661093,0.210148140711,0.0,482.51819086538217,484.23744398816905,484.0311886097974,483.64325478775737
4.319999999999996,-8.10517013202,-4.69483570947,26.6851086357,6.18781282643,0.550188178795,0.0,-7.4707598607,-3.65351263643,4.14607951681,0.0485324479153,0.203378629316,0.0,481.95134207069896,481.47814742588247,481.4910597425763,480.3150227638273
4.379999999999995,-8.56311271764,-4.91581824398,26.930558346,6.20129309996,0.562470569746,0.0,-7.79489136228,-3.71168632352,4.03431991031,0.0829641032537,0.198860034562,0.0,458.0201069946456,457.69914294008873,456.2430839185038,458.98724915198176
4.439999999999993,-9.03912086343,-5.13992481169,27.1665846189,6.20854513835,0.574492969859,0.0,-8.07306827361,-3.75818620412,3.83243708028,0.0983268905492,0.194146017929,0.0,426.87040206042695,426.50764981982303,426.62323551226507,427.94020487598544
4.499999999999992,-9.53564064858,-5.36715018851,27.395875622,6.2175973773,0.586759895447,0.0,-8.4781452448,-3.81518487315,3.80830438467,0.07763898266,0.201640833287,0.0,493.7347889351736,494.3211038967794,494.85030487867846,493.33079734487023
4.559999999999991,-10.055081459,-5.59750608225,27.6210169393,6.22240791633,0.598919431944,0.0,-8.83723497012,-3.86299693227,3.69458709075,0.0808775491309,0.203401503018,0.0,468.2683358208377,468.4431253550193,467.56580892101056,467.8227384866072
4.6199999999999894,-10.5938004149,-5.83045006936,27.8354573285,6.22743219051,0.612511579352,0.0,-9.12113811308,-3.90159328016,3.45245685595,0.0843712642409,0.215161960955,0.0,422.2558990255604,423.314247332477,424.0571849278688,424.3631102022383
4.679999999999988,-11.1509870092,-6.0657608751,28.0368862625,6.23267913574,0.625438902443,0.0,-9.45263073853,-3.94180966968,3.26033362626,0.0783126094296,0.212074739032,0.0,446.3426767337074,446.13562697350307,446.2226298305109,445.73307457819107
4.739999999999987,-11.7289614355,-6.30347452483,28.2274681079,6.23861339695,0.6385073686,0.0,-9.81396284152,-3.98161467789,3.09053050716,0.064876898641,0.204337181938,0.0,458.8503099553776,458.2771815754974,459.4517436998151,458.3889879271497
4.799999999999986,-12.3290798194,-6.54352670818,28.4078960503,6.24312669544,0.650775171725,0.0,-10.1906594356,-4.0198434801,2.9217185982,0.0549631557256,0.201602199114,0.0,464.0803701835315,463.90426974396007,464.34620151049296,463.57011739545675
4.859999999999984,-12.9507390187,-6.78573611891,28.576217389,6.25841054432,0.662945791221,0.0,-10.5324069064,-4.05306909486,2.68760613965,0.0158186624412,0.203622908107,0.0,443.0344405893962,443.2408600577449,445.6253724665437,442.41386050153534
4.919999999999983,-13.5930004757,-7.02980142725,28.7300453453,6.2685703055,0.675239531046,0.0,-10.8773284188,-4.08197981253,2.43843127584,-0.0186486645368,0.19916468724,0.0,441.1302693536481,440.8022606643507,443.5389160730549,440.69798571806746
4.979999999999982,-14.2554128221,-7.27551814366,28.8676442196,6.26744097919,0.699190673121,0.0,-11.2038836188,-4.10863564779,2.14576319802,-0.0202862064938,0.23593154941,0.0,427.88026588882985,431.0459645842278,428.4841222756877,428.3448612821692
5.0399999999999805,-14.9409320398,-7.5229057468,28.9911163571,6.26743229345,0.727641593288,0.0,-11.6470629261,-4.13759311996,1.96555154333,-0.0335883154338,0.193295244403,0.0,483.95825792294886,480.78196468603574,482.39154692900513,481.38560682461866
